
10

134.000000 199.000000 49.000000 137.000000 159.000000 143.000000 103.000000 148.000000 115.000000 110.000000
10.000000 211.000000 279.000000 39.000000 66.000000 62.000000 119.000000 108.000000 249.000000 210.000000
170.000000 228.000000 45.000000 60.000000 171.000000 256.000000 187.000000 270.000000 241.000000 294.000000
157.000000 250.000000 214.000000 252.000000 184.000000 249.000000 309.000000 10.000000 151.000000 245.000000
238.000000 17.000000 134.000000 166.000000 233.000000 39.000000 261.000000 203.000000 123.000000 176.000000
1.000000 194.000000 272.000000 212.000000 146.000000 97.000000 177.000000 106.000000 84.000000 202.000000
171.000000 310.000000 147.000000 177.000000 78.000000 134.000000 9.000000 150.000000 250.000000 63.000000
303.000000 1.000000 151.000000 1.000000 56.000000 46.000000 246.000000 16.000000 64.000000 288.000000
62.000000 151.000000 233.000000 96.000000 155.000000 294.000000 2.000000 65.000000 176.000000 280.000000
48.000000 81.000000 140.000000 241.000000 296.000000 235.000000 11.000000 56.000000 287.000000 253.000000


147.000000
222.000000
232.000000
158.000000
326.000000
39.000000
245.000000
133.000000
218.000000
24.000000


answers=:
x1 = 0.67535161654428177,
x2 = -0.57077910402275589,
x3 = 1.5381242225826346, 
x4 = -1.412419099313255, 
x5 = 0.64022209358909565,
x6 = 1.3343410730446745, 
x7 = 0.65216139678849905, 
x8 = 0.68235941931590138, 
x9 = 0.50077069661401652
x10 = -2.0921389052879444.